rank-1: 0.2979233226837061
rank-5: 0.48083067092651754